{
"snapshots": [
{
  "modelName": "Legacy Heat Model (Adapter)",
  "step": 0,
  "time": 0.0,
  "nx": 20,
  "ny": 20,
  "min": 0.0,
  "max": 500.0,
  "mean": 247.7102463224891,
  "field": [
    0.0,
    0.0,
    0.0,
    0.0,
    0.0,
    0.0,
    0.0,
    0.0,
    0.0,
    0.0,
    0.0,
    0.0,
    0.0,
    0.0,
    0.0,
    0.0,
    0.0,
    0.0,
    0.0,
    0.0,
    0.0,
    300.0,
    300.0,
    300.0,
    300.0,
    300.0,
    300.0,
    300.0,
    300.0,
    300.0,
    300.0,
    300.0,
    300.0,
    300.0,
    300.0,
    300.0,
    300.0,
    300.0,
    300.0,
    0.0,
    0.0,
    300.0,
    300.0,
    300.0,
    300.0,
    300.0,
    300.0,
    300.0,
    300.0,
    300.0,
    300.0,
    300.0,
    300.0,
    300.0,
    300.0,
    300.0,
    300.0,
    300.0,
    300.0,
    0.0,
    0.0,
    300.0,
    300.0,
    300.0,
    300.0,
    300.0,
    300.0,
    300.0,
    300.0,
    300.0,
    300.0,
    300.0,
    300.0,
    300.0,
    300.0,
    300.0,
    300.0,
    300.0,
    300.0,
    0.0,
    0.0,
    300.0,
    300.0,
    300.0,
    300.0,
    300.0,
    300.0,
    300.0,
    300.0,
    300.0,
    300.0,
    300.0,
    300.0,
    300.0,
    300.0,
    300.0,
    300.0,
    300.0,
    300.0,
    0.0,
    0.0,
    300.0,
    300.0,
    300.0,
    300.0,
    300.0,
    300.0,
    300.0,
    300.0,
    300.0,
    300.0,
    300.0,
    300.0,
    300.0,
    300.0,
    300.0,
    300.0,
    300.0,
    300.0,
    0.0,
    0.0,
    300.0,
    300.0,
    300.0,
    300.0,
    300.0,
    300.0,
    300.0,
    300.0,
    300.0,
    300.0,
    300.0,
    300.0,
    300.0,
    300.0,
    300.0,
    300.0,
    300.0,
    300.0,
    0.0,
    0.0,
    300.0,
    300.0,
    300.0,
    300.0,
    300.0,
    300.0,
    300.0,
    300.0,
    300.0,
    300.0,
    300.0,
    300.0,
    300.0,
    300.0,
    300.0,
    300.0,
    300.0,
    300.0,
    0.0,
    0.0,
    300.0,
    300.0,
    300.0,
    300.0,
    300.0,
    300.0,
    300.0,
    300.0,
    335.1600230178196,
    363.07451853684546,
    335.1600230178196,
    300.0,
    300.0,
    300.0,
    300.0,
    300.0,
    300.0,
    300.0,
    0.0,
    0.0,
    300.0,
    300.0,
    300.0,
    300.0,
    300.0,
    300.0,
    300.0,
    335.1600230178196,
    426.07189448310567,
    461.5581731933179,
    426.07189448310567,
    335.1600230178196,
    300.0,
    300.0,
    300.0,
    300.0,
    300.0,
    300.0,
    0.0,
    0.0,
    300.0,
    300.0,
    300.0,
    300.0,
    300.0,
    300.0,
    300.0,
    363.07451853684546,
    461.5581731933179,
    500.0,
    461.5581731933179,
    363.07451853684546,
    300.0,
    300.0,
    300.0,
    300.0,
    300.0,
    300.0,
    0.0,
    0.0,
    300.0,
    300.0,
    300.0,
    300.0,
    300.0,
    300.0,
    300.0,
    335.1600230178196,
    426.07189448310567,
    461.5581731933179,
    426.07189448310567,
    335.1600230178196,
    300.0,
    300.0,
    300.0,
    300.0,
    300.0,
    300.0,
    0.0,
    0.0,
    300.0,
    300.0,
    300.0,
    300.0,
    300.0,
    300.0,
    300.0,
    300.0,
    335.1600230178196,
    363.07451853684546,
    335.1600230178196,
    300.0,
    300.0,
    300.0,
    300.0,
    300.0,
    300.0,
    300.0,
    0.0,
    0.0,
    300.0,
    300.0,
    300.0,
    300.0,
    300.0,
    300.0,
    300.0,
    300.0,
    300.0,
    300.0,
    300.0,
    300.0,
    300.0,
    300.0,
    300.0,
    300.0,
    300.0,
    300.0,
    0.0,
    0.0,
    300.0,
    300.0,
    300.0,
    300.0,
    300.0,
    300.0,
    300.0,
    300.0,
    300.0,
    300.0,
    300.0,
    300.0,
    300.0,
    300.0,
    300.0,
    300.0,
    300.0,
    300.0,
    0.0,
    0.0,
    300.0,
    300.0,
    300.0,
    300.0,
    300.0,
    300.0,
    300.0,
    300.0,
    300.0,
    300.0,
    300.0,
    300.0,
    300.0,
    300.0,
    300.0,
    300.0,
    300.0,
    300.0,
    0.0,
    0.0,
    300.0,
    300.0,
    300.0,
    300.0,
    300.0,
    300.0,
    300.0,
    300.0,
    300.0,
    300.0,
    300.0,
    300.0,
    300.0,
    300.0,
    300.0,
    300.0,
    300.0,
    300.0,
    0.0,
    0.0,
    300.0,
    300.0,
    300.0,
    300.0,
    300.0,
    300.0,
    300.0,
    300.0,
    300.0,
    300.0,
    300.0,
    300.0,
    300.0,
    300.0,
    300.0,
    300.0,
    300.0,
    300.0,
    0.0,
    0.0,
    300.0,
    300.0,
    300.0,
    300.0,
    300.0,
    300.0,
    300.0,
    300.0,
    300.0,
    300.0,
    300.0,
    300.0,
    300.0,
    300.0,
    300.0,
    300.0,
    300.0,
    300.0,
    0.0,
    0.0,
    0.0,
    0.0,
    0.0,
    0.0,
    0.0,
    0.0,
    0.0,
    0.0,
    0.0,
    0.0,
    0.0,
    0.0,
    0.0,
    0.0,
    0.0,
    0.0,
    0.0,
    0.0,
    0.0
  ]
}
,
{
  "modelName": "Legacy Heat Model (Adapter)",
  "step": 50,
  "time": 0.05000000000000004,
  "nx": 20,
  "ny": 20,
  "min": 0.0,
  "max": 499.7225954416462,
  "mean": 247.61287199237057,
  "field": [
    0.0,
    0.0,
    0.0,
    0.0,
    0.0,
    0.0,
    0.0,
    0.0,
    0.0,
    0.0,
    0.0,
    0.0,
    0.0,
    0.0,
    0.0,
    0.0,
    0.0,
    0.0,
    0.0,
    0.0,
    0.0,
    298.91986750297366,
    299.4589794796571,
    299.45945620238285,
    299.45945647772544,
    299.45945647784214,
    299.45945647784214,
    299.45945647784214,
    299.45945647784214,
    299.45945647784214,
    299.45945647784214,
    299.45945647784214,
    299.45945647784214,
    299.45945647784214,
    299.45945647784214,
    299.45945647772544,
    299.45945620238285,
    299.4589794796571,
    298.91986750297366,
    0.0,
    0.0,
    299.4589794796571,
    299.99904435110733,
    299.99952189927683,
    299.9995221750862,
    299.999522175203,
    299.999522175203,
    299.999522175203,
    299.999522175203,
    299.999522175203,
    299.999522175203,
    299.999522175203,
    299.999522175203,
    299.999522175203,
    299.999522175203,
    299.9995221750862,
    299.99952189927683,
    299.99904435110733,
    299.4589794796571,
    0.0,
    0.0,
    299.45945620238285,
    299.99952189927683,
    299.9999994481465,
    299.99999972395614,
    299.99999972407346,
    299.99999972407346,
    299.99999972407346,
    299.99999972407346,
    299.99999972407346,
    299.99999972407346,
    299.99999972407346,
    299.99999972407346,
    299.99999972407346,
    299.99999972407346,
    299.99999972395614,
    299.9999994481465,
    299.99952189927683,
    299.45945620238285,
    0.0,
    0.0,
    299.45945647772544,
    299.9995221750862,
    299.99999972395614,
    299.9999999997658,
    299.99999999988296,
    299.99999999988296,
    299.99999999988296,
    299.999999999883,
    299.99999999989683,
    299.9999999999075,
    299.99999999989683,
    299.999999999883,
    299.99999999988296,
    299.99999999988296,
    299.9999999997658,
    299.99999972395614,
    299.9995221750862,
    299.45945647772544,
    0.0,
    0.0,
    299.45945647784214,
    299.999522175203,
    299.99999972407346,
    299.99999999988296,
    300.0,
    300.0,
    300.0,
    300.0000000000684,
    300.00000003234913,
    300.0000000579399,
    300.00000003234913,
    300.0000000000684,
    300.0,
    300.0,
    299.99999999988296,
    299.99999972407346,
    299.999522175203,
    299.45945647784214,
    0.0,
    0.0,
    299.45945647784214,
    299.999522175203,
    299.99999972407346,
    299.99999999988296,
    300.0,
    300.0,
    300.0000000001368,
    300.000000129175,
    300.00005603229675,
    300.00010034066537,
    300.00005603229675,
    300.000000129175,
    300.0000000001368,
    300.0,
    299.99999999988296,
    299.99999972407346,
    299.999522175203,
    299.45945647784214,
    0.0,
    0.0,
    299.45945647784214,
    299.999522175203,
    299.99999972407346,
    299.99999999988296,
    300.0,
    300.0000000001368,
    300.0000001937012,
    300.00016780728646,
    300.06341729870314,
    300.1135272425722,
    300.06341729870314,
    300.00016780728646,
    300.0000001937012,
    300.00000000013677,
    299.99999999988313,
    299.99999972407346,
    299.999522175203,
    299.45945647784214,
    0.0,
    0.0,
    299.45945647784214,
    299.999522175203,
    299.99999972407346,
    299.999999999883,
    300.0000000000684,
    300.000000129175,
    300.00016780728646,
    300.1266339807734,
    335.2472269758682,
    363.0378366275369,
    335.2472269758682,
    300.1266339807734,
    300.00016780728646,
    300.00000012917496,
    299.99999999995134,
    299.99999972407346,
    299.999522175203,
    299.45945647784214,
    0.0,
    0.0,
    299.45945647784214,
    299.999522175203,
    299.99999972407346,
    299.99999999989683,
    300.00000003234913,
    300.00005603229675,
    300.06341729870314,
    335.2472269758682,
    425.8722513290349,
    461.3218970644524,
    425.8722513290349,
    335.2472269758682,
    300.06341729870314,
    300.00005603229675,
    300.00000003223204,
    299.99999972408705,
    299.999522175203,
    299.45945647784214,
    0.0,
    0.0,
    299.45945647784214,
    299.999522175203,
    299.99999972407346,
    299.9999999999075,
    300.0000000579399,
    300.00010034066537,
    300.1135272425722,
    363.0378366275369,
    461.3218970644524,
    499.7225954416462,
    461.3218970644524,
    363.0378366275369,
    300.1135272425722,
    300.00010034066537,
    300.00000005782294,
    299.9999997240979,
    299.999522175203,
    299.45945647784214,
    0.0,
    0.0,
    299.45945647784214,
    299.999522175203,
    299.99999972407346,
    299.99999999989683,
    300.00000003234913,
    300.00005603229675,
    300.06341729870314,
    335.2472269758682,
    425.8722513290349,
    461.3218970644524,
    425.8722513290349,
    335.2472269758682,
    300.06341729870314,
    300.00005603229675,
    300.00000003223204,
    299.99999972408705,
    299.999522175203,
    299.45945647784214,
    0.0,
    0.0,
    299.45945647784214,
    299.999522175203,
    299.99999972407346,
    299.999999999883,
    300.0000000000684,
    300.000000129175,
    300.00016780728646,
    300.1266339807734,
    335.2472269758682,
    363.0378366275369,
    335.2472269758682,
    300.1266339807734,
    300.00016780728646,
    300.00000012917496,
    299.99999999995134,
    299.99999972407346,
    299.999522175203,
    299.45945647784214,
    0.0,
    0.0,
    299.45945647784214,
    299.999522175203,
    299.99999972407346,
    299.99999999988296,
    300.0,
    300.0000000001368,
    300.0000001937012,
    300.00016780728646,
    300.06341729870314,
    300.1135272425722,
    300.06341729870314,
    300.00016780728646,
    300.0000001937012,
    300.00000000013677,
    299.99999999988313,
    299.99999972407346,
    299.999522175203,
    299.45945647784214,
    0.0,
    0.0,
    299.45945647784214,
    299.999522175203,
    299.99999972407346,
    299.99999999988296,
    300.0,
    300.0,
    300.00000000013677,
    300.00000012917496,
    300.00005603229675,
    300.00010034066537,
    300.00005603229675,
    300.00000012917496,
    300.00000000013677,
    300.0,
    299.99999999988296,
    299.99999972407346,
    299.999522175203,
    299.45945647784214,
    0.0,
    0.0,
    299.45945647772544,
    299.9995221750862,
    299.99999972395614,
    299.9999999997658,
    299.99999999988296,
    299.99999999988296,
    299.99999999988313,
    299.99999999995134,
    300.00000003223204,
    300.00000005782294,
    300.00000003223204,
    299.99999999995134,
    299.99999999988313,
    299.99999999988296,
    299.9999999997658,
    299.99999972395614,
    299.9995221750862,
    299.45945647772544,
    0.0,
    0.0,
    299.45945620238285,
    299.99952189927683,
    299.9999994481465,
    299.99999972395614,
    299.99999972407346,
    299.99999972407346,
    299.99999972407346,
    299.99999972407346,
    299.99999972408705,
    299.9999997240979,
    299.99999972408705,
    299.99999972407346,
    299.99999972407346,
    299.99999972407346,
    299.99999972395614,
    299.9999994481465,
    299.99952189927683,
    299.45945620238285,
    0.0,
    0.0,
    299.4589794796571,
    299.99904435110733,
    299.99952189927683,
    299.9995221750862,
    299.999522175203,
    299.999522175203,
    299.999522175203,
    299.999522175203,
    299.999522175203,
    299.999522175203,
    299.999522175203,
    299.999522175203,
    299.999522175203,
    299.999522175203,
    299.9995221750862,
    299.99952189927683,
    299.99904435110733,
    299.4589794796571,
    0.0,
    0.0,
    298.91986750297366,
    299.4589794796571,
    299.45945620238285,
    299.45945647772544,
    299.45945647784214,
    299.45945647784214,
    299.45945647784214,
    299.45945647784214,
    299.45945647784214,
    299.45945647784214,
    299.45945647784214,
    299.45945647784214,
    299.45945647784214,
    299.45945647784214,
    299.45945647772544,
    299.45945620238285,
    299.4589794796571,
    298.91986750297366,
    0.0,
    0.0,
    0.0,
    0.0,
    0.0,
    0.0,
    0.0,
    0.0,
    0.0,
    0.0,
    0.0,
    0.0,
    0.0,
    0.0,
    0.0,
    0.0,
    0.0,
    0.0,
    0.0,
    0.0,
    0.0
  ]
}
,
{
  "modelName": "Legacy Heat Model (Adapter)",
  "step": 100,
  "time": 0.10000000000000007,
  "nx": 20,
  "ny": 20,
  "min": 0.0,
  "max": 499.44548826039556,
  "mean": 247.51569241956946,
  "field": [
    0.0,
    0.0,
    0.0,
    0.0,
    0.0,
    0.0,
    0.0,
    0.0,
    0.0,
    0.0,
    0.0,
    0.0,
    0.0,
    0.0,
    0.0,
    0.0,
    0.0,
    0.0,
    0.0,
    0.0,
    0.0,
    297.84556157601565,
    298.9189397755847,
    298.92085688831105,
    298.92085914865396,
    298.9208591506324,
    298.920859150634,
    298.920859150634,
    298.920859150634,
    298.920859150634,
    298.920859150634,
    298.920859150634,
    298.920859150634,
    298.920859150634,
    298.9208591506324,
    298.92085914865396,
    298.92085688831105,
    298.9189397755847,
    297.84556157601565,
    0.0,
    0.0,
    298.9189397755847,
    299.99614767993427,
    299.9980715637965,
    299.99807383204177,
    299.99807383402714,
    299.99807383402845,
    299.99807383402845,
    299.99807383402845,
    299.99807383402845,
    299.99807383402845,
    299.99807383402845,
    299.99807383402845,
    299.99807383402845,
    299.99807383402714,
    299.99807383204177,
    299.9980715637965,
    299.99614767993427,
    298.9189397755847,
    0.0,
    0.0,
    298.92085688831105,
    299.9980715637965,
    299.99999545950885,
    299.9999977277677,
    299.9999977297533,
    299.9999977297546,
    299.9999977297546,
    299.9999977297546,
    299.9999977297547,
    299.9999977297548,
    299.9999977297547,
    299.9999977297546,
    299.9999977297546,
    299.9999977297533,
    299.9999977277677,
    299.99999545950885,
    299.9980715637965,
    298.92085688831105,
    0.0,
    0.0,
    298.92085914865396,
    299.99807383204177,
    299.9999977277677,
    299.99999999602613,
    299.9999999980118,
    299.9999999980133,
    299.9999999980133,
    299.99999999801423,
    299.9999999982461,
    299.99999999842976,
    299.9999999982461,
    299.99999999801423,
    299.9999999980133,
    299.9999999980118,
    299.99999999602613,
    299.9999977277677,
    299.99807383204177,
    298.92085914865396,
    0.0,
    0.0,
    298.9208591506324,
    299.99807383402714,
    299.9999977297533,
    299.9999999980118,
    299.9999999999975,
    299.99999999999886,
    300.0000000000008,
    300.0000000011593,
    300.0000002662476,
    300.0000004760745,
    300.0000002662476,
    300.0000000011593,
    300.0000000000008,
    299.99999999999756,
    299.9999999980118,
    299.9999977297533,
    299.99807383402714,
    298.9208591506324,
    0.0,
    0.0,
    298.920859150634,
    299.99807383402845,
    299.9999977297546,
    299.9999999980133,
    299.99999999999886,
    300.000000000003,
    300.00000000231915,
    300.0000010612485,
    300.00022600265595,
    300.0004039780112,
    300.00022600265595,
    300.0000010612485,
    300.00000000231915,
    300.00000000000153,
    299.9999999980133,
    299.9999977297546,
    299.99807383402845,
    298.920859150634,
    0.0,
    0.0,
    298.920859150634,
    299.99807383402845,
    299.9999977297546,
    299.9999999980133,
    300.0000000000008,
    300.00000000231915,
    300.0000015908321,
    300.00067562921896,
    300.126738979875,
    300.2264003689664,
    300.126738979875,
    300.00067562921896,
    300.0000015908321,
    300.00000000231785,
    299.9999999980158,
    299.9999977297546,
    299.99807383402845,
    298.920859150634,
    0.0,
    0.0,
    298.920859150634,
    299.99807383402845,
    299.9999977297546,
    299.99999999801423,
    300.0000000011593,
    300.0000010612485,
    300.00067562921896,
    300.2526705362236,
    335.33372081174934,
    363.0015100786465,
    335.33372081174934,
    300.2526705362236,
    300.00067562921896,
    300.00000106124725,
    299.9999999991738,
    299.9999977297553,
    299.99807383402845,
    298.920859150634,
    0.0,
    0.0,
    298.920859150634,
    299.99807383402845,
    299.9999977297547,
    299.9999999982461,
    300.0000002662476,
    300.00022600265595,
    300.126738979875,
    335.33372081174934,
    425.6735077436723,
    461.08603990153506,
    425.6735077436723,
    335.33372081174934,
    300.126738979875,
    300.0002260026544,
    300.0000002642621,
    299.9999977299872,
    299.99807383402856,
    298.920859150634,
    0.0,
    0.0,
    298.920859150634,
    299.99807383402845,
    299.9999977297548,
    299.99999999842976,
    300.0000004760745,
    300.0004039780112,
    300.2264003689664,
    363.0015100786465,
    461.08603990153506,
    499.44548826039556,
    461.08603990153506,
    363.0015100786465,
    300.2264003689664,
    300.00040397800984,
    300.00000047408895,
    299.9999977301712,
    299.99807383402873,
    298.920859150634,
    0.0,
    0.0,
    298.920859150634,
    299.99807383402845,
    299.9999977297547,
    299.9999999982461,
    300.0000002662476,
    300.00022600265595,
    300.126738979875,
    335.33372081174934,
    425.6735077436723,
    461.08603990153506,
    425.6735077436723,
    335.33372081174934,
    300.126738979875,
    300.0002260026544,
    300.0000002642621,
    299.9999977299872,
    299.99807383402856,
    298.920859150634,
    0.0,
    0.0,
    298.920859150634,
    299.99807383402845,
    299.9999977297546,
    299.99999999801423,
    300.0000000011593,
    300.0000010612485,
    300.00067562921896,
    300.2526705362236,
    335.33372081174934,
    363.0015100786465,
    335.33372081174934,
    300.2526705362236,
    300.00067562921896,
    300.00000106124725,
    299.9999999991738,
    299.9999977297553,
    299.99807383402845,
    298.920859150634,
    0.0,
    0.0,
    298.920859150634,
    299.99807383402845,
    299.9999977297546,
    299.9999999980133,
    300.0000000000008,
    300.00000000231915,
    300.0000015908321,
    300.00067562921896,
    300.126738979875,
    300.2264003689664,
    300.126738979875,
    300.00067562921896,
    300.0000015908321,
    300.00000000231785,
    299.9999999980158,
    299.9999977297546,
    299.99807383402845,
    298.920859150634,
    0.0,
    0.0,
    298.9208591506324,
    299.99807383402714,
    299.9999977297533,
    299.9999999980118,
    299.99999999999756,
    300.00000000000153,
    300.00000000231785,
    300.00000106124725,
    300.0002260026544,
    300.00040397800984,
    300.0002260026544,
    300.00000106124725,
    300.00000000231785,
    300.0,
    299.9999999980118,
    299.9999977297533,
    299.99807383402714,
    298.9208591506324,
    0.0,
    0.0,
    298.92085914865396,
    299.99807383204177,
    299.9999977277677,
    299.99999999602613,
    299.9999999980118,
    299.9999999980133,
    299.9999999980158,
    299.9999999991738,
    300.0000002642621,
    300.00000047408895,
    300.0000002642621,
    299.9999999991738,
    299.9999999980158,
    299.9999999980118,
    299.99999999602613,
    299.9999977277677,
    299.99807383204177,
    298.92085914865396,
    0.0,
    0.0,
    298.92085688831105,
    299.9980715637965,
    299.99999545950885,
    299.9999977277677,
    299.9999977297533,
    299.9999977297546,
    299.9999977297546,
    299.9999977297553,
    299.9999977299872,
    299.9999977301712,
    299.9999977299872,
    299.9999977297553,
    299.9999977297546,
    299.9999977297533,
    299.9999977277677,
    299.99999545950885,
    299.9980715637965,
    298.92085688831105,
    0.0,
    0.0,
    298.9189397755847,
    299.99614767993427,
    299.9980715637965,
    299.99807383204177,
    299.99807383402714,
    299.99807383402845,
    299.99807383402845,
    299.99807383402845,
    299.99807383402856,
    299.99807383402873,
    299.99807383402856,
    299.99807383402845,
    299.99807383402845,
    299.99807383402714,
    299.99807383204177,
    299.9980715637965,
    299.99614767993427,
    298.9189397755847,
    0.0,
    0.0,
    297.84556157601565,
    298.9189397755847,
    298.92085688831105,
    298.92085914865396,
    298.9208591506324,
    298.920859150634,
    298.920859150634,
    298.920859150634,
    298.920859150634,
    298.920859150634,
    298.920859150634,
    298.920859150634,
    298.920859150634,
    298.9208591506324,
    298.92085914865396,
    298.92085688831105,
    298.9189397755847,
    297.84556157601565,
    0.0,
    0.0,
    0.0,
    0.0,
    0.0,
    0.0,
    0.0,
    0.0,
    0.0,
    0.0,
    0.0,
    0.0,
    0.0,
    0.0,
    0.0,
    0.0,
    0.0,
    0.0,
    0.0,
    0.0,
    0.0
  ]
}
,
{
  "modelName": "Legacy Heat Model (Adapter)",
  "step": 150,
  "time": 0.1500000000000001,
  "nx": 20,
  "ny": 20,
  "min": 0.0,
  "max": 499.16867933591345,
  "mean": 247.41870686833295,
  "field": [
    0.0,
    0.0,
    0.0,
    0.0,
    0.0,
    0.0,
    0.0,
    0.0,
    0.0,
    0.0,
    0.0,
    0.0,
    0.0,
    0.0,
    0.0,
    0.0,
    0.0,
    0.0,
    0.0,
    0.0,
    0.0,
    296.77704383404784,
    298.3798842865534,
    298.384191583998,
    298.3841992523389,
    298.3841992625105,
    298.3841992625217,
    298.3841992625217,
    298.3841992625217,
    298.3841992625217,
    298.3841992625217,
    298.3841992625217,
    298.3841992625217,
    298.3841992625217,
    298.3841992625105,
    298.3841992523389,
    298.384191583998,
    298.3798842865534,
    296.77704383404784,
    0.0,
    0.0,
    298.3798842865534,
    299.99132399737346,
    299.9956542489828,
    299.9956619579144,
    299.9956619681394,
    299.9956619681502,
    299.9956619681502,
    299.9956619681502,
    299.9956619681502,
    299.9956619681502,
    299.9956619681502,
    299.9956619681502,
    299.9956619681502,
    299.9956619681394,
    299.9956619579144,
    299.9956542489828,
    299.99132399737346,
    298.3798842865534,
    0.0,
    0.0,
    298.384191583998,
    299.9956542489828,
    299.9999845614513,
    299.9999922704896,
    299.99999228071493,
    299.9999922807257,
    299.9999922807257,
    299.9999922807257,
    299.9999922807269,
    299.9999922807279,
    299.9999922807269,
    299.9999922807257,
    299.9999922807257,
    299.99999228071493,
    299.9999922704896,
    299.9999845614513,
    299.9956542489828,
    298.384191583998,
    0.0,
    0.0,
    298.3841992523389,
    299.9956619579144,
    299.9999922704896,
    299.9999999795275,
    299.9999999897531,
    299.99999998976415,
    299.9999999897642,
    299.9999999897717,
    299.9999999909646,
    299.99999999190743,
    299.9999999909646,
    299.9999999897717,
    299.9999999897642,
    299.9999999897531,
    299.9999999795275,
    299.9999922704896,
    299.9956619579144,
    298.3841992523389,
    0.0,
    0.0,
    298.3841992625105,
    299.9956619681394,
    299.99999228071493,
    299.9999999897531,
    299.9999999999786,
    299.99999999998954,
    300.00000000000773,
    300.00000000595946,
    300.00000090559155,
    300.00000161658113,
    300.00000090559155,
    300.00000000595946,
    300.00000000000773,
    299.9999999999787,
    299.9999999897531,
    299.99999228071493,
    299.9956619681394,
    298.3841992625105,
    0.0,
    0.0,
    298.3841992625217,
    299.9956619681502,
    299.9999922807257,
    299.99999998976415,
    299.99999999998954,
    300.00000000002484,
    300.0000000119243,
    300.00000360313817,
    300.00050928492203,
    300.0009086873683,
    300.00050928492203,
    300.00000360313817,
    300.0000000119243,
    300.00000000001404,
    299.9999999897642,
    299.9999922807257,
    299.9956619681502,
    298.3841992625217,
    0.0,
    0.0,
    298.3841992625217,
    299.9956619681502,
    299.9999922807257,
    299.9999999897642,
    300.00000000000773,
    300.0000000119243,
    300.0000053993564,
    300.00151978020995,
    300.18996410049954,
    300.3386247375709,
    300.18996410049954,
    300.00151978020995,
    300.0000053993564,
    300.0000000119137,
    299.9999999897832,
    299.9999922807257,
    299.9956619681502,
    298.3841992625217,
    0.0,
    0.0,
    298.3841992625217,
    299.9956619681502,
    299.9999922807257,
    299.9999999897717,
    300.00000000595946,
    300.00000360313817,
    300.00151978020995,
    300.37811263745226,
    335.41951063534685,
    362.96553337284917,
    335.41951063534685,
    300.37811263745226,
    300.00151978020995,
    300.0000036031275,
    299.999999995734,
    299.999992280733,
    299.9956619681502,
    298.3841992625217,
    0.0,
    0.0,
    298.3841992625217,
    299.9956619681502,
    299.9999922807269,
    299.9999999909646,
    300.00000090559155,
    300.00050928492203,
    300.18996410049954,
    335.41951063534685,
    425.47565622094055,
    460.85060308294715,
    425.47565622094055,
    335.41951063534685,
    300.1899641004995,
    300.00050928491106,
    300.0000008953663,
    299.99999228192564,
    299.99566196815135,
    298.3841992625217,
    0.0,
    0.0,
    298.3841992625217,
    299.9956619681502,
    299.9999922807279,
    299.99999999190743,
    300.00000161658113,
    300.0009086873683,
    300.3386247375709,
    362.96553337284917,
    460.85060308294715,
    499.16867933591345,
    460.85060308294715,
    362.96553337284917,
    300.3386247375709,
    300.0009086873572,
    300.0000016063556,
    299.9999922828689,
    299.9956619681524,
    298.3841992625217,
    0.0,
    0.0,
    298.3841992625217,
    299.9956619681502,
    299.9999922807269,
    299.9999999909646,
    300.00000090559155,
    300.00050928492203,
    300.18996410049954,
    335.41951063534685,
    425.47565622094055,
    460.85060308294715,
    425.47565622094055,
    335.41951063534685,
    300.1899641004995,
    300.00050928491106,
    300.0000008953663,
    299.99999228192564,
    299.99566196815135,
    298.3841992625217,
    0.0,
    0.0,
    298.3841992625217,
    299.9956619681502,
    299.9999922807257,
    299.9999999897717,
    300.00000000595946,
    300.00000360313817,
    300.00151978020995,
    300.37811263745226,
    335.41951063534685,
    362.96553337284917,
    335.41951063534685,
    300.37811263745226,
    300.00151978020995,
    300.0000036031275,
    299.999999995734,
    299.999992280733,
    299.9956619681502,
    298.3841992625217,
    0.0,
    0.0,
    298.3841992625217,
    299.9956619681502,
    299.9999922807257,
    299.9999999897642,
    300.00000000000773,
    300.0000000119243,
    300.0000053993564,
    300.00151978020995,
    300.1899641004995,
    300.3386247375709,
    300.1899641004995,
    300.00151978020995,
    300.0000053993564,
    300.00000001191364,
    299.9999999897832,
    299.9999922807257,
    299.9956619681502,
    298.3841992625217,
    0.0,
    0.0,
    298.3841992625105,
    299.9956619681394,
    299.99999228071493,
    299.9999999897531,
    299.9999999999787,
    300.00000000001404,
    300.0000000119137,
    300.0000036031275,
    300.00050928491106,
    300.0009086873572,
    300.00050928491106,
    300.0000036031275,
    300.00000001191364,
    300.00000000000324,
    299.99999998975323,
    299.99999228071493,
    299.9956619681394,
    298.3841992625105,
    0.0,
    0.0,
    298.3841992523389,
    299.9956619579144,
    299.9999922704896,
    299.9999999795275,
    299.9999999897531,
    299.9999999897642,
    299.9999999897832,
    299.999999995734,
    300.0000008953663,
    300.0000016063556,
    300.0000008953663,
    299.999999995734,
    299.9999999897832,
    299.99999998975323,
    299.9999999795275,
    299.9999922704896,
    299.9956619579144,
    298.3841992523389,
    0.0,
    0.0,
    298.384191583998,
    299.9956542489828,
    299.9999845614513,
    299.9999922704896,
    299.99999228071493,
    299.9999922807257,
    299.9999922807257,
    299.999992280733,
    299.99999228192564,
    299.9999922828689,
    299.99999228192564,
    299.999992280733,
    299.9999922807257,
    299.99999228071493,
    299.9999922704896,
    299.9999845614513,
    299.9956542489828,
    298.384191583998,
    0.0,
    0.0,
    298.3798842865534,
    299.99132399737346,
    299.9956542489828,
    299.9956619579144,
    299.9956619681394,
    299.9956619681502,
    299.9956619681502,
    299.9956619681502,
    299.99566196815135,
    299.9956619681524,
    299.99566196815135,
    299.9956619681502,
    299.9956619681502,
    299.9956619681394,
    299.9956619579144,
    299.9956542489828,
    299.99132399737346,
    298.3798842865534,
    0.0,
    0.0,
    296.77704383404784,
    298.3798842865534,
    298.384191583998,
    298.3841992523389,
    298.3841992625105,
    298.3841992625217,
    298.3841992625217,
    298.3841992625217,
    298.3841992625217,
    298.3841992625217,
    298.3841992625217,
    298.3841992625217,
    298.3841992625217,
    298.3841992625105,
    298.3841992523389,
    298.384191583998,
    298.3798842865534,
    296.77704383404784,
    0.0,
    0.0,
    0.0,
    0.0,
    0.0,
    0.0,
    0.0,
    0.0,
    0.0,
    0.0,
    0.0,
    0.0,
    0.0,
    0.0,
    0.0,
    0.0,
    0.0,
    0.0,
    0.0,
    0.0,
    0.0
  ]
}
,
{
  "modelName": "Legacy Heat Model (Adapter)",
  "step": 200,
  "time": 0.20000000000000015,
  "nx": 20,
  "ny": 20,
  "min": 0.0,
  "max": 498.8921695512938,
  "mean": 247.32191460643477,
  "field": [
    0.0,
    0.0,
    0.0,
    0.0,
    0.0,
    0.0,
    0.0,
    0.0,
    0.0,
    0.0,
    0.0,
    0.0,
    0.0,
    0.0,
    0.0,
    0.0,
    0.0,
    0.0,
    0.0,
    0.0,
    0.0,
    295.7142761802269,
    297.8418163244623,
    297.8494498907572,
    297.84946806940445,
    297.8494681017162,
    297.84946810176206,
    297.84946810176206,
    297.84946810176206,
    297.84946810176206,
    297.84946810176206,
    297.84946810176206,
    297.84946810176206,
    297.84946810176206,
    297.8494681017162,
    297.84946806940445,
    297.8494498907572,
    297.8418163244623,
    295.7142761802269,
    0.0,
    0.0,
    297.8418163244623,
    299.9845872444492,
    299.99227518512805,
    299.99229349261196,
    299.99229352515175,
    299.99229352519757,
    299.9922935251976,
    299.9922935251976,
    299.9922935251976,
    299.9922935251976,
    299.9922935251976,
    299.9922935251976,
    299.99229352519757,
    299.99229352515175,
    299.99229349261196,
    299.99227518512805,
    299.9845872444492,
    297.8418163244623,
    0.0,
    0.0,
    297.8494498907572,
    299.99227518512805,
    299.9999633189478,
    299.99998162688684,
    299.9999816594274,
    299.9999816594732,
    299.99998165947324,
    299.99998165947324,
    299.99998165947886,
    299.9999816594831,
    299.99998165947886,
    299.99998165947324,
    299.9999816594732,
    299.9999816594274,
    299.99998162688684,
    299.9999633189478,
    299.99227518512805,
    297.8494498907572,
    0.0,
    0.0,
    297.84946806940445,
    299.99229349261196,
    299.99998162688684,
    299.99999993482635,
    299.9999999673672,
    299.99999996741343,
    299.9999999674138,
    299.9999999674458,
    299.99999997123587,
    299.9999999742276,
    299.99999997123587,
    299.9999999674458,
    299.99999996741366,
    299.9999999673672,
    299.99999993482635,
    299.99998162688684,
    299.99229349261196,
    297.84946806940445,
    0.0,
    0.0,
    297.8494681017162,
    299.99229352515175,
    299.9999816594274,
    299.9999999673672,
    299.9999999999079,
    299.99999999995447,
    300.00000000003394,
    300.0000000189297,
    300.00000215232706,
    300.000003835772,
    300.00000215232706,
    300.0000000189297,
    300.0000000000339,
    299.9999999999083,
    299.9999999673672,
    299.9999816594274,
    299.99229352515175,
    297.8494681017162,
    0.0,
    0.0,
    297.84946810176206,
    299.99229352519757,
    299.9999816594732,
    299.99999996741343,
    299.99999999995447,
    300.0000000001068,
    300.0000000378839,
    300.0000085482512,
    300.00090525359,
    300.00161226805614,
    300.00090525359,
    300.0000085482512,
    300.0000000378839,
    300.0000000000608,
    299.9999999674138,
    299.9999816594732,
    299.99229352519757,
    297.84946810176206,
    0.0,
    0.0,
    297.84946810176206,
    299.9922935251976,
    299.99998165947324,
    299.9999999674138,
    300.00000000003394,
    300.0000000378839,
    300.0000128053742,
    300.0026966084345,
    300.2530917371413,
    300.45020565102743,
    300.2530917371413,
    300.0026966084345,
    300.0000128053741,
    300.000000037838,
    299.9999999674943,
    299.99998165947335,
    299.9922935251976,
    297.84946810176206,
    0.0,
    0.0,
    297.84946810176206,
    299.9922935251976,
    299.99998165947324,
    299.9999999674458,
    300.0000000189297,
    300.0000085482512,
    300.0026966084345,
    300.50296324285273,
    335.50460249295264,
    362.92990106640855,
    335.50460249295264,
    300.50296324285273,
    300.0026966084345,
    300.0000085482053,
    299.99999998638896,
    299.9999816595053,
    299.99229352519774,
    297.84946810176206,
    0.0,
    0.0,
    297.84946810176206,
    299.9922935251976,
    299.99998165947886,
    299.99999997123587,
    300.00000215232706,
    300.00090525359,
    300.2530917371413,
    335.50460249295264,
    425.2786893355101,
    460.6155879420211,
    425.2786893355101,
    335.50460249295264,
    300.2530917371412,
    300.00090525354403,
    300.00000211978676,
    299.99998166329516,
    299.99229352520314,
    297.8494681017621,
    0.0,
    0.0,
    297.84946810176206,
    299.9922935251976,
    299.9999816594831,
    299.9999999742276,
    300.000003835772,
    300.00161226805614,
    300.45020565102743,
    362.92990106640855,
    460.6155879420211,
    498.8921695512938,
    460.6155879420211,
    362.92990106640855,
    300.4502056510274,
    300.0016122680098,
    300.0000038032313,
    299.99998166628774,
    299.99229352520723,
    297.8494681017621,
    0.0,
    0.0,
    297.84946810176206,
    299.9922935251976,
    299.99998165947886,
    299.99999997123587,
    300.00000215232706,
    300.00090525359,
    300.2530917371413,
    335.50460249295264,
    425.2786893355101,
    460.6155879420211,
    425.2786893355101,
    335.50460249295264,
    300.2530917371412,
    300.00090525354403,
    300.00000211978676,
    299.99998166329516,
    299.99229352520314,
    297.8494681017621,
    0.0,
    0.0,
    297.84946810176206,
    299.9922935251976,
    299.99998165947324,
    299.9999999674458,
    300.0000000189297,
    300.0000085482512,
    300.0026966084345,
    300.50296324285273,
    335.50460249295264,
    362.92990106640855,
    335.50460249295264,
    300.50296324285273,
    300.0026966084345,
    300.0000085482053,
    299.99999998638896,
    299.9999816595053,
    299.99229352519774,
    297.84946810176206,
    0.0,
    0.0,
    297.84946810176206,
    299.99229352519757,
    299.9999816594732,
    299.99999996741366,
    300.0000000000339,
    300.0000000378839,
    300.0000128053741,
    300.0026966084345,
    300.2530917371412,
    300.4502056510274,
    300.2530917371412,
    300.0026966084345,
    300.0000128053741,
    300.00000003783794,
    299.9999999674941,
    299.99998165947335,
    299.99229352519757,
    297.84946810176206,
    0.0,
    0.0,
    297.8494681017162,
    299.99229352515175,
    299.9999816594274,
    299.9999999673672,
    299.9999999999083,
    300.0000000000608,
    300.000000037838,
    300.0000085482053,
    300.00090525354403,
    300.0016122680098,
    300.00090525354403,
    300.0000085482053,
    300.00000003783794,
    300.0000000000145,
    299.99999996736744,
    299.9999816594274,
    299.99229352515175,
    297.8494681017162,
    0.0,
    0.0,
    297.84946806940445,
    299.99229349261196,
    299.99998162688684,
    299.99999993482635,
    299.9999999673672,
    299.9999999674138,
    299.9999999674943,
    299.99999998638896,
    300.00000211978676,
    300.0000038032313,
    300.00000211978676,
    299.99999998638896,
    299.9999999674941,
    299.99999996736744,
    299.99999993482635,
    299.99998162688684,
    299.99229349261196,
    297.84946806940445,
    0.0,
    0.0,
    297.8494498907572,
    299.99227518512805,
    299.9999633189478,
    299.99998162688684,
    299.9999816594274,
    299.9999816594732,
    299.99998165947335,
    299.9999816595053,
    299.99998166329516,
    299.99998166628774,
    299.99998166329516,
    299.9999816595053,
    299.99998165947335,
    299.9999816594274,
    299.99998162688684,
    299.9999633189478,
    299.99227518512805,
    297.8494498907572,
    0.0,
    0.0,
    297.8418163244623,
    299.9845872444492,
    299.99227518512805,
    299.99229349261196,
    299.99229352515175,
    299.99229352519757,
    299.9922935251976,
    299.99229352519774,
    299.99229352520314,
    299.99229352520723,
    299.99229352520314,
    299.99229352519774,
    299.99229352519757,
    299.99229352515175,
    299.99229349261196,
    299.99227518512805,
    299.9845872444492,
    297.8418163244623,
    0.0,
    0.0,
    295.7142761802269,
    297.8418163244623,
    297.8494498907572,
    297.84946806940445,
    297.8494681017162,
    297.84946810176206,
    297.84946810176206,
    297.84946810176206,
    297.8494681017621,
    297.8494681017621,
    297.8494681017621,
    297.84946810176206,
    297.84946810176206,
    297.8494681017162,
    297.84946806940445,
    297.8494498907572,
    297.8418163244623,
    295.7142761802269,
    0.0,
    0.0,
    0.0,
    0.0,
    0.0,
    0.0,
    0.0,
    0.0,
    0.0,
    0.0,
    0.0,
    0.0,
    0.0,
    0.0,
    0.0,
    0.0,
    0.0,
    0.0,
    0.0,
    0.0,
    0.0
  ]
}
,
{
  "modelName": "Legacy Heat Model (Adapter)",
  "step": 250,
  "time": 0.25000000000000017,
  "nx": 20,
  "ny": 20,
  "min": 0.0,
  "max": 498.61595979271294,
  "mean": 247.22531490516016,
  "field": [
    0.0,
    0.0,
    0.0,
    0.0,
    0.0,
    0.0,
    0.0,
    0.0,
    0.0,
    0.0,
    0.0,
    0.0,
    0.0,
    0.0,
    0.0,
    0.0,
    0.0,
    0.0,
    0.0,
    0.0,
    0.0,
    294.6572208035601,
    297.30473911548887,
    297.31662148433514,
    297.3166569213792,
    297.31665700034665,
    297.316657000487,
    297.31665700048706,
    297.31665700048706,
    297.31665700048706,
    297.31665700048706,
    297.31665700048706,
    297.31665700048706,
    297.316657000487,
    297.31665700034665,
    297.3166569213792,
    297.31662148433514,
    297.30473911548887,
    294.6572208035601,
    0.0,
    0.0,
    297.30473911548887,
    299.9759512924195,
    299.9879395775667,
    299.98797532922026,
    299.98797540888614,
    299.9879754090274,
    299.98797540902774,
    299.98797540902774,
    299.98797540902774,
    299.9879754090278,
    299.98797540902774,
    299.98797540902774,
    299.9879754090274,
    299.98797540888614,
    299.98797532922026,
    299.9879395775667,
    299.9759512924195,
    297.30473911548887,
    0.0,
    0.0,
    297.31662148433514,
    299.9879395775667,
    299.9999283342776,
    299.999964087326,
    299.99996416699526,
    299.99996416713657,
    299.9999641671366,
    299.99996416713674,
    299.9999641671534,
    299.99996416716647,
    299.9999641671534,
    299.99996416713674,
    299.99996416713657,
    299.99996416699526,
