{
"snapshots": [
{
  "modelName": "Heat Transfer (Diffusion)",
  "step": 0,
  "time": 0.0,
  "nx": 20,
  "ny": 20,
  "min": 300.0,
  "max": 500.0,
  "mean": 304.710246322489,
  "field": [
    300.0,
    300.0,
    300.0,
    300.0,
    300.0,
    300.0,
    300.0,
    300.0,
    300.0,
    300.0,
    300.0,
    300.0,
    300.0,
    300.0,
    300.0,
    300.0,
    300.0,
    300.0,
    300.0,
    300.0,
    300.0,
    300.0,
    300.0,
    300.0,
    300.0,
    300.0,
    300.0,
    300.0,
    300.0,
    300.0,
    300.0,
    300.0,
    300.0,
    300.0,
    300.0,
    300.0,
    300.0,
    300.0,
    300.0,
    300.0,
    300.0,
    300.0,
    300.0,
    300.0,
    300.0,
    300.0,
    300.0,
    300.0,
    300.0,
    300.0,
    300.0,
    300.0,
    300.0,
    300.0,
    300.0,
    300.0,
    300.0,
    300.0,
    300.0,
    300.0,
    300.0,
    300.0,
    300.0,
    300.0,
    300.0,
    300.0,
    300.0,
    300.0,
    300.0,
    300.0,
    300.0,
    300.0,
    300.0,
    300.0,
    300.0,
    300.0,
    300.0,
    300.0,
    300.0,
    300.0,
    300.0,
    300.0,
    300.0,
    300.0,
    300.0,
    300.0,
    300.0,
    300.0,
    300.0,
    300.0,
    300.0,
    300.0,
    300.0,
    300.0,
    300.0,
    300.0,
    300.0,
    300.0,
    300.0,
    300.0,
    300.0,
    300.0,
    300.0,
    300.0,
    300.0,
    300.0,
    300.0,
    300.0,
    300.0,
    300.0,
    300.0,
    300.0,
    300.0,
    300.0,
    300.0,
    300.0,
    300.0,
    300.0,
    300.0,
    300.0,
    300.0,
    300.0,
    300.0,
    300.0,
    300.0,
    300.0,
    300.0,
    300.0,
    300.0,
    300.0,
    300.0,
    300.0,
    300.0,
    300.0,
    300.0,
    300.0,
    300.0,
    300.0,
    300.0,
    300.0,
    300.0,
    300.0,
    300.0,
    300.0,
    300.0,
    300.0,
    300.0,
    300.0,
    300.0,
    300.0,
    300.0,
    300.0,
    300.0,
    300.0,
    300.0,
    300.0,
    300.0,
    300.0,
    300.0,
    300.0,
    300.0,
    300.0,
    300.0,
    300.0,
    300.0,
    300.0,
    300.0,
    300.0,
    300.0,
    335.1600230178196,
    363.07451853684546,
    335.1600230178196,
    300.0,
    300.0,
    300.0,
    300.0,
    300.0,
    300.0,
    300.0,
    300.0,
    300.0,
    300.0,
    300.0,
    300.0,
    300.0,
    300.0,
    300.0,
    300.0,
    335.1600230178196,
    426.07189448310567,
    461.5581731933179,
    426.07189448310567,
    335.1600230178196,
    300.0,
    300.0,
    300.0,
    300.0,
    300.0,
    300.0,
    300.0,
    300.0,
    300.0,
    300.0,
    300.0,
    300.0,
    300.0,
    300.0,
    300.0,
    363.07451853684546,
    461.5581731933179,
    500.0,
    461.5581731933179,
    363.07451853684546,
    300.0,
    300.0,
    300.0,
    300.0,
    300.0,
    300.0,
    300.0,
    300.0,
    300.0,
    300.0,
    300.0,
    300.0,
    300.0,
    300.0,
    300.0,
    335.1600230178196,
    426.07189448310567,
    461.5581731933179,
    426.07189448310567,
    335.1600230178196,
    300.0,
    300.0,
    300.0,
    300.0,
    300.0,
    300.0,
    300.0,
    300.0,
    300.0,
    300.0,
    300.0,
    300.0,
    300.0,
    300.0,
    300.0,
    300.0,
    335.1600230178196,
    363.07451853684546,
    335.1600230178196,
    300.0,
    300.0,
    300.0,
    300.0,
    300.0,
    300.0,
    300.0,
    300.0,
    300.0,
    300.0,
    300.0,
    300.0,
    300.0,
    300.0,
    300.0,
    300.0,
    300.0,
    300.0,
    300.0,
    300.0,
    300.0,
    300.0,
    300.0,
    300.0,
    300.0,
    300.0,
    300.0,
    300.0,
    300.0,
    300.0,
    300.0,
    300.0,
    300.0,
    300.0,
    300.0,
    300.0,
    300.0,
    300.0,
    300.0,
    300.0,
    300.0,
    300.0,
    300.0,
    300.0,
    300.0,
    300.0,
    300.0,
    300.0,
    300.0,
    300.0,
    300.0,
    300.0,
    300.0,
    300.0,
    300.0,
    300.0,
    300.0,
    300.0,
    300.0,
    300.0,
    300.0,
    300.0,
    300.0,
    300.0,
    300.0,
    300.0,
    300.0,
    300.0,
    300.0,
    300.0,
    300.0,
    300.0,
    300.0,
    300.0,
    300.0,
    300.0,
    300.0,
    300.0,
    300.0,
    300.0,
    300.0,
    300.0,
    300.0,
    300.0,
    300.0,
    300.0,
    300.0,
    300.0,
    300.0,
    300.0,
    300.0,
    300.0,
    300.0,
    300.0,
    300.0,
    300.0,
    300.0,
    300.0,
    300.0,
    300.0,
    300.0,
    300.0,
    300.0,
    300.0,
    300.0,
    300.0,
    300.0,
    300.0,
    300.0,
    300.0,
    300.0,
    300.0,
    300.0,
    300.0,
    300.0,
    300.0,
    300.0,
    300.0,
    300.0,
    300.0,
    300.0,
    300.0,
    300.0,
    300.0,
    300.0,
    300.0,
    300.0,
    300.0,
    300.0,
    300.0,
    300.0,
    300.0,
    300.0,
    300.0,
    300.0,
    300.0,
    300.0,
    300.0,
    300.0,
    300.0,
    300.0,
    300.0,
    300.0,
    300.0,
    300.0,
    300.0,
    300.0,
    300.0
  ]
}
,
{
  "modelName": "Heat Transfer (Diffusion)",
  "step": 50,
  "time": 0.05000000000000004,
  "nx": 20,
  "ny": 20,
  "min": 0.0,
  "max": 499.7225954416462,
  "mean": 247.61481756789388,
  "field": [
    0.0,
    0.0,
    0.0,
    0.0,
    0.0,
    0.0,
    0.0,
    0.0,
    0.0,
    0.0,
    0.0,
    0.0,
    0.0,
    0.0,
    0.0,
    0.0,
    0.0,
    0.0,
    0.0,
    0.0,
    0.0,
    298.941412924141,
    299.46979028953655,
    299.4702479873707,
    299.47024824621843,
    299.4702482463258,
    299.4702482463258,
    299.4702482463258,
    299.4702482463258,
    299.4702482463258,
    299.4702482463258,
    299.4702482463258,
    299.4702482463258,
    299.4702482463258,
    299.4702482463258,
    299.47024824621843,
    299.4702479873707,
    299.46979028953655,
    298.941412924141,
    0.0,
    0.0,
    299.46979028953655,
    299.9990825329055,
    299.99954100674546,
    299.9995412660227,
    299.9995412661301,
    299.9995412661301,
    299.9995412661301,
    299.9995412661301,
    299.9995412661301,
    299.9995412661301,
    299.9995412661301,
    299.9995412661301,
    299.9995412661301,
    299.9995412661301,
    299.9995412660227,
    299.99954100674546,
    299.9990825329055,
    299.46979028953655,
    0.0,
    0.0,
    299.4702479873707,
    299.99954100674546,
    299.9999994812297,
    299.99999974050706,
    299.999999740615,
    299.999999740615,
    299.999999740615,
    299.999999740615,
    299.999999740615,
    299.999999740615,
    299.999999740615,
    299.999999740615,
    299.999999740615,
    299.999999740615,
    299.99999974050706,
    299.9999994812297,
    299.99954100674546,
    299.4702479873707,
    0.0,
    0.0,
    299.47024824621843,
    299.9995412660227,
    299.99999974050706,
    299.9999999997845,
    299.99999999989234,
    299.99999999989234,
    299.99999999989234,
    299.9999999998924,
    299.9999999999061,
    299.999999999917,
    299.9999999999061,
    299.9999999998924,
    299.99999999989234,
    299.99999999989234,
    299.9999999997845,
    299.99999974050706,
    299.9995412660227,
    299.47024824621843,
    0.0,
    0.0,
    299.4702482463258,
    299.9995412661301,
    299.999999740615,
    299.99999999989234,
    300.0,
    300.0,
    300.0,
    300.0000000000684,
    300.00000003234913,
    300.00000005794,
    300.00000003234913,
    300.0000000000684,
    300.0,
    300.0,
    299.99999999989234,
    299.999999740615,
    299.9995412661301,
    299.4702482463258,
    0.0,
    0.0,
    299.4702482463258,
    299.9995412661301,
    299.999999740615,
    299.99999999989234,
    300.0,
    300.0,
    300.0000000001368,
    300.000000129175,
    300.00005603229675,
    300.00010034066537,
    300.00005603229675,
    300.000000129175,
    300.0000000001368,
    300.0,
    299.99999999989234,
    299.999999740615,
    299.9995412661301,
    299.4702482463258,
    0.0,
    0.0,
    299.4702482463258,
    299.9995412661301,
    299.999999740615,
    299.99999999989234,
    300.0,
    300.0000000001368,
    300.0000001937012,
    300.00016780728646,
    300.06341729870314,
    300.1135272425722,
    300.06341729870314,
    300.00016780728646,
    300.0000001937012,
    300.0000000001368,
    299.9999999998925,
    299.999999740615,
    299.9995412661301,
    299.4702482463258,
    0.0,
    0.0,
    299.4702482463258,
    299.9995412661301,
    299.999999740615,
    299.9999999998924,
    300.0000000000684,
    300.000000129175,
    300.00016780728646,
    300.1266339807734,
    335.2472269758682,
    363.0378366275369,
    335.2472269758682,
    300.1266339807734,
    300.00016780728646,
    300.00000012917496,
    299.999999999961,
    299.999999740615,
    299.9995412661301,
    299.4702482463258,
    0.0,
    0.0,
    299.4702482463258,
    299.9995412661301,
    299.999999740615,
    299.9999999999061,
    300.00000003234913,
    300.00005603229675,
    300.06341729870314,
    335.2472269758682,
    425.8722513290349,
    461.3218970644524,
    425.8722513290349,
    335.2472269758682,
    300.06341729870314,
    300.00005603229675,
    300.0000000322415,
    299.9999997406284,
    299.9995412661301,
    299.4702482463258,
    0.0,
    0.0,
    299.4702482463258,
    299.9995412661301,
    299.999999740615,
    299.999999999917,
    300.00000005794,
    300.00010034066537,
    300.1135272425722,
    363.0378366275369,
    461.3218970644524,
    499.7225954416462,
    461.3218970644524,
    363.0378366275369,
    300.1135272425722,
    300.00010034066537,
    300.0000000578322,
    299.9999997406393,
    299.9995412661301,
    299.4702482463258,
    0.0,
    0.0,
    299.4702482463258,
    299.9995412661301,
    299.999999740615,
    299.9999999999061,
    300.00000003234913,
    300.00005603229675,
    300.06341729870314,
    335.2472269758682,
    425.8722513290349,
    461.3218970644524,
    425.8722513290349,
    335.2472269758682,
    300.06341729870314,
    300.00005603229675,
    300.0000000322415,
    299.9999997406284,
    299.9995412661301,
    299.4702482463258,
    0.0,
    0.0,
    299.4702482463258,
    299.9995412661301,
    299.999999740615,
    299.9999999998924,
    300.0000000000684,
    300.000000129175,
    300.00016780728646,
    300.1266339807734,
    335.2472269758682,
    363.0378366275369,
    335.2472269758682,
    300.1266339807734,
    300.00016780728646,
    300.00000012917496,
    299.999999999961,
    299.999999740615,
    299.9995412661301,
    299.4702482463258,
    0.0,
    0.0,
    299.4702482463258,
    299.9995412661301,
    299.999999740615,
    299.99999999989234,
    300.0,
    300.0000000001368,
    300.0000001937012,
    300.00016780728646,
    300.06341729870314,
    300.1135272425722,
    300.06341729870314,
    300.00016780728646,
    300.0000001937012,
    300.0000000001368,
    299.9999999998925,
    299.999999740615,
    299.9995412661301,
    299.4702482463258,
    0.0,
    0.0,
    299.4702482463258,
    299.9995412661301,
    299.999999740615,
    299.99999999989234,
    300.0,
    300.0,
    300.0000000001368,
    300.00000012917496,
    300.00005603229675,
    300.00010034066537,
    300.00005603229675,
    300.00000012917496,
    300.0000000001368,
    300.0,
    299.99999999989234,
    299.999999740615,
    299.9995412661301,
    299.4702482463258,
    0.0,
    0.0,
    299.47024824621843,
    299.9995412660227,
    299.99999974050706,
    299.9999999997845,
    299.99999999989234,
    299.99999999989234,
    299.9999999998925,
    299.999999999961,
    300.0000000322415,
    300.0000000578322,
    300.0000000322415,
    299.999999999961,
    299.9999999998925,
    299.99999999989234,
    299.9999999997845,
    299.99999974050706,
    299.9995412660227,
    299.47024824621843,
    0.0,
    0.0,
    299.4702479873707,
    299.99954100674546,
    299.9999994812297,
    299.99999974050706,
    299.999999740615,
    299.999999740615,
    299.999999740615,
    299.999999740615,
    299.9999997406284,
    299.9999997406393,
    299.9999997406284,
    299.999999740615,
    299.999999740615,
    299.999999740615,
    299.99999974050706,
    299.9999994812297,
    299.99954100674546,
    299.4702479873707,
    0.0,
    0.0,
    299.46979028953655,
    299.9990825329055,
    299.99954100674546,
    299.9995412660227,
    299.9995412661301,
    299.9995412661301,
    299.9995412661301,
    299.9995412661301,
    299.9995412661301,
    299.9995412661301,
    299.9995412661301,
    299.9995412661301,
    299.9995412661301,
    299.9995412661301,
    299.9995412660227,
    299.99954100674546,
    299.9990825329055,
    299.46979028953655,
    0.0,
    0.0,
    298.941412924141,
    299.46979028953655,
    299.4702479873707,
    299.47024824621843,
    299.4702482463258,
    299.4702482463258,
    299.4702482463258,
    299.4702482463258,
    299.4702482463258,
    299.4702482463258,
    299.4702482463258,
    299.4702482463258,
    299.4702482463258,
    299.4702482463258,
    299.47024824621843,
    299.4702479873707,
    299.46979028953655,
    298.941412924141,
    0.0,
    0.0,
    0.0,
    0.0,
    0.0,
    0.0,
    0.0,
    0.0,
    0.0,
    0.0,
    0.0,
    0.0,
    0.0,
    0.0,
    0.0,
    0.0,
    0.0,
    0.0,
    0.0,
    0.0,
    0.0
  ]
}
,
{
  "modelName": "Heat Transfer (Diffusion)",
  "step": 100,
  "time": 0.10000000000000007,
  "nx": 20,
  "ny": 20,
  "min": 0.0,
  "max": 499.44548826039556,
  "mean": 247.51763410716896,
  "field": [
    0.0,
    0.0,
    0.0,
    0.0,
    0.0,
    0.0,
    0.0,
    0.0,
    0.0,
    0.0,
    0.0,
    0.0,
    0.0,
    0.0,
    0.0,
    0.0,
    0.0,
    0.0,
    0.0,
    0.0,
    0.0,
    297.86699084291985,
    298.9297309355394,
    298.9316098865225,
    298.93161207927244,
    298.9316120811719,
    298.9316120811734,
    298.9316120811734,
    298.9316120811734,
    298.9316120811734,
    298.9316120811734,
    298.9316120811734,
    298.9316120811734,
    298.9316120811734,
    298.9316120811719,
    298.93161207927244,
    298.9316098865225,
    298.9297309355394,
    297.86699084291985,
    0.0,
    0.0,
    298.9297309355394,
    299.9962245446383,
    299.99811006437307,
    299.99811226471013,
    299.9981122666162,
    299.99811226661745,
    299.99811226661745,
    299.99811226661745,
    299.99811226661745,
    299.99811226661745,
    299.99811226661745,
    299.99811226661745,
    299.99811226661745,
    299.9981122666162,
    299.99811226471013,
    299.99811006437307,
    299.9962245446383,
    298.9297309355394,
    0.0,
    0.0,
    298.9316098865225,
    299.99811006437307,
    299.99999559548536,
    299.9999977958353,
    299.9999977977416,
    299.9999977977429,
    299.9999977977429,
    299.9999977977429,
    299.99999779774294,
    299.99999779774305,
    299.99999779774294,
    299.9999977977429,
    299.9999977977429,
    299.9999977977416,
    299.9999977958353,
    299.99999559548536,
    299.99811006437307,
    298.9316098865225,
    0.0,
    0.0,
    298.93161207927244,
    299.99811226471013,
    299.9999977958353,
    299.99999999618484,
    299.9999999980912,
    299.9999999980927,
    299.9999999980927,
    299.99999999809353,
    299.99999999832556,
    299.9999999985093,
    299.99999999832556,
    299.99999999809353,
    299.9999999980927,
    299.9999999980912,
    299.99999999618484,
    299.9999977958353,
    299.99811226471013,
    298.93161207927244,
    0.0,
    0.0,
    298.9316120811719,
    299.9981122666162,
    299.9999977977416,
    299.9999999980912,
    299.9999999999976,
    299.9999999999989,
    300.00000000000085,
    300.0000000011594,
    300.0000002662476,
    300.00000047607455,
    300.0000002662476,
    300.0000000011594,
    300.00000000000085,
    299.99999999999767,
    299.9999999980912,
    299.9999977977416,
    299.9981122666162,
    298.9316120811719,
    0.0,
    0.0,
    298.9316120811734,
    299.99811226661745,
    299.9999977977429,
    299.9999999980927,
    299.9999999999989,
    300.000000000003,
    300.00000000231915,
    300.0000010612485,
    300.00022600265595,
    300.0004039780112,
    300.00022600265595,
    300.0000010612485,
    300.00000000231915,
    300.00000000000165,
    299.9999999980927,
    299.9999977977429,
    299.99811226661745,
    298.9316120811734,
    0.0,
    0.0,
    298.9316120811734,
    299.99811226661745,
    299.9999977977429,
    299.9999999980927,
    300.00000000000085,
    300.00000000231915,
    300.0000015908321,
    300.00067562921896,
    300.126738979875,
    300.2264003689664,
    300.126738979875,
    300.00067562921896,
    300.0000015908321,
    300.0000000023179,
    299.99999999809523,
    299.9999977977429,
    299.99811226661745,
    298.9316120811734,
    0.0,
    0.0,
    298.9316120811734,
    299.99811226661745,
    299.9999977977429,
    299.99999999809353,
    300.0000000011594,
    300.0000010612485,
    300.00067562921896,
    300.2526705362236,
    335.33372081174934,
    363.0015100786465,
    335.33372081174934,
    300.2526705362236,
    300.00067562921896,
    300.00000106124725,
    299.9999999992533,
    299.9999977977435,
    299.99811226661745,
    298.9316120811734,
    0.0,
    0.0,
    298.9316120811734,
    299.99811226661745,
    299.99999779774294,
    299.99999999832556,
    300.0000002662476,
    300.00022600265595,
    300.126738979875,
    335.33372081174934,
    425.6735077436723,
    461.08603990153506,
    425.6735077436723,
    335.33372081174934,
    300.126738979875,
    300.0002260026544,
    300.0000002643417,
    299.99999779797565,
    299.99811226661757,
    298.9316120811734,
    0.0,
    0.0,
    298.9316120811734,
    299.99811226661745,
    299.99999779774305,
    299.9999999985093,
    300.00000047607455,
    300.0004039780112,
    300.2264003689664,
    363.0015100786465,
    461.08603990153506,
    499.44548826039556,
    461.08603990153506,
    363.0015100786465,
    300.2264003689664,
    300.0004039780099,
    300.0000004741683,
    299.99999779815914,
    299.99811226661774,
    298.9316120811734,
    0.0,
    0.0,
    298.9316120811734,
    299.99811226661745,
    299.99999779774294,
    299.99999999832556,
    300.0000002662476,
    300.00022600265595,
    300.126738979875,
    335.33372081174934,
    425.6735077436723,
    461.08603990153506,
    425.6735077436723,
    335.33372081174934,
    300.126738979875,
    300.0002260026544,
    300.0000002643417,
    299.99999779797565,
    299.99811226661757,
    298.9316120811734,
    0.0,
    0.0,
    298.9316120811734,
    299.99811226661745,
    299.9999977977429,
    299.99999999809353,
    300.0000000011594,
    300.0000010612485,
    300.00067562921896,
    300.2526705362236,
    335.33372081174934,
    363.0015100786465,
    335.33372081174934,
    300.2526705362236,
    300.00067562921896,
    300.00000106124725,
    299.9999999992533,
    299.9999977977435,
    299.99811226661745,
    298.9316120811734,
    0.0,
    0.0,
    298.9316120811734,
    299.99811226661745,
    299.9999977977429,
    299.9999999980927,
    300.00000000000085,
    300.00000000231915,
    300.0000015908321,
    300.00067562921896,
    300.126738979875,
    300.2264003689664,
    300.126738979875,
    300.00067562921896,
    300.0000015908321,
    300.0000000023179,
    299.99999999809523,
    299.9999977977429,
    299.99811226661745,
    298.9316120811734,
    0.0,
    0.0,
    298.9316120811719,
    299.9981122666162,
    299.9999977977416,
    299.9999999980912,
    299.99999999999767,
    300.00000000000165,
    300.0000000023179,
    300.00000106124725,
    300.0002260026544,
    300.0004039780099,
    300.0002260026544,
    300.00000106124725,
    300.0000000023179,
    300.0,
    299.9999999980912,
    299.9999977977416,
    299.9981122666162,
    298.9316120811719,
    0.0,
    0.0,
    298.93161207927244,
    299.99811226471013,
    299.9999977958353,
    299.99999999618484,
    299.9999999980912,
    299.9999999980927,
    299.99999999809523,
    299.9999999992533,
    300.0000002643417,
    300.0000004741683,
    300.0000002643417,
    299.9999999992533,
    299.99999999809523,
    299.9999999980912,
    299.99999999618484,
    299.9999977958353,
    299.99811226471013,
    298.93161207927244,
    0.0,
    0.0,
    298.9316098865225,
    299.99811006437307,
    299.99999559548536,
    299.9999977958353,
    299.9999977977416,
    299.9999977977429,
    299.9999977977429,
    299.9999977977435,
    299.99999779797565,
    299.99999779815914,
    299.99999779797565,
    299.9999977977435,
    299.9999977977429,
    299.9999977977416,
    299.9999977958353,
    299.99999559548536,
    299.99811006437307,
    298.9316098865225,
    0.0,
    0.0,
    298.9297309355394,
    299.9962245446383,
    299.99811006437307,
    299.99811226471013,
    299.9981122666162,
    299.99811226661745,
    299.99811226661745,
    299.99811226661745,
    299.99811226661757,
    299.99811226661774,
    299.99811226661757,
    299.99811226661745,
    299.99811226661745,
    299.9981122666162,
    299.99811226471013,
    299.99811006437307,
    299.9962245446383,
    298.9297309355394,
    0.0,
    0.0,
    297.86699084291985,
    298.9297309355394,
    298.9316098865225,
    298.93161207927244,
    298.9316120811719,
    298.9316120811734,
    298.9316120811734,
    298.9316120811734,
    298.9316120811734,
    298.9316120811734,
    298.9316120811734,
    298.9316120811734,
    298.9316120811734,
    298.9316120811719,
    298.93161207927244,
    298.9316098865225,
    298.9297309355394,
    297.86699084291985,
    0.0,
    0.0,
    0.0,
    0.0,
    0.0,
    0.0,
    0.0,
    0.0,
    0.0,
    0.0,
    0.0,
    0.0,
    0.0,
    0.0,
    0.0,
    0.0,
    0.0,
    0.0,
    0.0,
    0.0,
    0.0
  ]
}
,
{
  "modelName": "Heat Transfer (Diffusion)",
  "step": 150,
  "time": 0.1500000000000001,
  "nx": 20,
  "ny": 20,
  "min": 0.0,
  "max": 499.16867933591345,
  "mean": 247.4206446826885,
  "field": [
    0.0,
    0.0,
    0.0,
    0.0,
    0.0,
    0.0,
    0.0,
    0.0,
    0.0,
    0.0,
    0.0,
    0.0,
    0.0,
    0.0,
    0.0,
    0.0,
    0.0,
    0.0,
    0.0,
    0.0,
    0.0,
    296.79835771155774,
    298.3906557294631,
    298.39490600417054,
    298.3949135198887,
    298.39491352979,
    298.3949135298009,
    298.3949135298009,
    298.3949135298009,
    298.3949135298009,
    298.3949135298009,
    298.3949135298009,
    298.3949135298009,
    298.3949135298009,
    298.39491352979,
    298.3949135198887,
    298.39490600417054,
    298.3906557294631,
    296.79835771155774,
    0.0,
    0.0,
    298.3906557294631,
    299.9914392654506,
    299.99571203780573,
    299.9957195930368,
    299.99571960298977,
    299.9957196030002,
    299.9957196030002,
    299.9957196030002,
    299.9957196030002,
    299.9957196030002,
    299.9957196030002,
    299.9957196030002,
    299.9957196030002,
    299.99571960298977,
    299.9957195930368,
    299.99571203780573,
    299.9914392654506,
    298.3906557294631,
    0.0,
    0.0,
    298.39490600417054,
    299.99571203780573,
    299.9999848694043,
    299.9999924247385,
    299.99999243469176,
    299.99999243470216,
    299.99999243470216,
    299.99999243470216,
    299.99999243470336,
    299.99999243470444,
    299.99999243470336,
    299.99999243470216,
    299.99999243470216,
    299.99999243469176,
    299.9999924247385,
    299.9999848694043,
    299.99571203780573,
    298.39490600417054,
    0.0,
    0.0,
    298.3949135198887,
    299.9957195930368,
    299.9999924247385,
    299.9999999800723,
    299.99999999002586,
    299.99999999003654,
    299.9999999900366,
    299.99999999004393,
    299.99999999123685,
    299.99999999218005,
    299.99999999123685,
    299.99999999004393,
    299.9999999900366,
    299.99999999002586,
    299.9999999800723,
    299.9999924247385,
    299.9957195930368,
    298.3949135198887,
    0.0,
    0.0,
    298.39491352979,
    299.99571960298977,
    299.99999243469176,
    299.99999999002586,
    299.99999999997937,
    299.9999999999899,
    300.0000000000081,
    300.00000000595975,
    300.00000090559195,
    300.00000161658136,
    300.00000090559195,
    300.00000000595975,
    300.0000000000081,
    299.9999999999795,
    299.99999999002586,
    299.99999243469176,
    299.99571960298977,
    298.39491352979,
    0.0,
    0.0,
    298.3949135298009,
    299.9957196030002,
    299.99999243470216,
    299.99999999003654,
    299.9999999999899,
    300.00000000002484,
    300.0000000119243,
    300.00000360313817,
    300.00050928492203,
    300.0009086873683,
    300.00050928492203,
    300.00000360313817,
    300.0000000119243,
    300.00000000001444,
    299.9999999900366,
    299.99999243470216,
    299.9957196030002,
    298.3949135298009,
    0.0,
    0.0,
    298.3949135298009,
    299.9957196030002,
    299.99999243470216,
    299.9999999900366,
    300.0000000000081,
    300.0000000119243,
    300.0000053993564,
    300.00151978020995,
    300.18996410049954,
    300.3386247375709,
    300.18996410049954,
    300.00151978020995,
    300.0000053993564,
    300.00000001191415,
    299.99999999005547,
    299.99999243470216,
    299.9957196030002,
    298.3949135298009,
    0.0,
    0.0,
    298.3949135298009,
    299.9957196030002,
    299.99999243470216,
    299.99999999004393,
    300.00000000595975,
    300.00000360313817,
    300.00151978020995,
    300.37811263745226,
    335.41951063534685,
    362.96553337284917,
    335.41951063534685,
    300.37811263745226,
    300.00151978020995,
    300.0000036031277,
    299.99999999600675,
    299.9999924347096,
    299.9957196030002,
    298.3949135298009,
    0.0,
    0.0,
    298.3949135298009,
    299.9957196030002,
    299.99999243470336,
    299.99999999123685,
    300.00000090559195,
    300.00050928492203,
    300.18996410049954,
    335.41951063534685,
    425.47565622094055,
    460.85060308294715,
    425.47565622094055,
    335.41951063534685,
    300.1899641004995,
    300.0005092849115,
    300.00000089563855,
    299.9999924359025,
    299.9957196030013,
    298.3949135298009,
    0.0,
    0.0,
    298.3949135298009,
    299.9957196030002,
    299.99999243470444,
    299.99999999218005,
    300.00000161658136,
    300.0009086873683,
    300.3386247375709,
    362.96553337284917,
    460.85060308294715,
    499.16867933591345,
    460.85060308294715,
    362.96553337284917,
    300.3386247375709,
    300.00090868735765,
    300.0000016066279,
    299.99999243684533,
    299.9957196030023,
    298.3949135298009,
    0.0,
    0.0,
    298.3949135298009,
    299.9957196030002,
    299.99999243470336,
    299.99999999123685,
    300.00000090559195,
    300.00050928492203,
    300.18996410049954,
    335.41951063534685,
    425.47565622094055,
    460.85060308294715,
    425.47565622094055,
    335.41951063534685,
    300.1899641004995,
    300.0005092849115,
    300.00000089563855,
    299.9999924359025,
    299.9957196030013,
    298.3949135298009,
    0.0,
    0.0,
    298.3949135298009,
    299.9957196030002,
    299.99999243470216,
    299.99999999004393,
    300.00000000595975,
    300.00000360313817,
    300.00151978020995,
    300.37811263745226,
    335.41951063534685,
    362.96553337284917,
    335.41951063534685,
    300.37811263745226,
    300.00151978020995,
    300.0000036031277,
    299.99999999600675,
    299.9999924347096,
    299.9957196030002,
    298.3949135298009,
    0.0,
    0.0,
    298.3949135298009,
    299.9957196030002,
    299.99999243470216,
    299.9999999900366,
    300.0000000000081,
    300.0000000119243,
    300.0000053993564,
    300.00151978020995,
    300.1899641004995,
    300.3386247375709,
    300.1899641004995,
    300.00151978020995,
    300.0000053993564,
    300.0000000119141,
    299.99999999005547,
    299.99999243470216,
    299.9957196030002,
    298.3949135298009,
    0.0,
    0.0,
    298.39491352979,
    299.99571960298977,
    299.99999243469176,
    299.99999999002586,
    299.9999999999795,
    300.00000000001444,
    300.00000001191415,
    300.0000036031277,
    300.0005092849115,
    300.00090868735765,
    300.0005092849115,
    300.0000036031277,
    300.0000000119141,
    300.00000000000387,
    299.99999999002597,
    299.99999243469176,
    299.99571960298977,
    298.39491352979,
    0.0,
    0.0,
    298.3949135198887,
    299.9957195930368,
    299.9999924247385,
    299.9999999800723,
    299.99999999002586,
    299.9999999900366,
    299.99999999005547,
    299.99999999600675,
    300.00000089563855,
    300.0000016066279,
    300.00000089563855,
    299.99999999600675,
    299.99999999005547,
    299.99999999002597,
    299.9999999800723,
    299.9999924247385,
    299.9957195930368,
    298.3949135198887,
    0.0,
    0.0,
    298.39490600417054,
    299.99571203780573,
    299.9999848694043,
    299.9999924247385,
    299.99999243469176,
    299.99999243470216,
    299.99999243470216,
    299.9999924347096,
    299.9999924359025,
    299.99999243684533,
    299.9999924359025,
    299.9999924347096,
    299.99999243470216,
    299.99999243469176,
    299.9999924247385,
    299.9999848694043,
    299.99571203780573,
    298.39490600417054,
    0.0,
    0.0,
    298.3906557294631,
    299.9914392654506,
    299.99571203780573,
    299.9957195930368,
    299.99571960298977,
    299.9957196030002,
    299.9957196030002,
    299.9957196030002,
    299.9957196030013,
    299.9957196030023,
    299.9957196030013,
    299.9957196030002,
    299.9957196030002,
    299.99571960298977,
    299.9957195930368,
    299.99571203780573,
    299.9914392654506,
    298.3906557294631,
    0.0,
    0.0,
    296.79835771155774,
    298.3906557294631,
    298.39490600417054,
    298.3949135198887,
    298.39491352979,
    298.3949135298009,
    298.3949135298009,
    298.3949135298009,
    298.3949135298009,
    298.3949135298009,
    298.3949135298009,
    298.3949135298009,
    298.3949135298009,
    298.39491352979,
    298.3949135198887,
    298.39490600417054,
    298.3906557294631,
    296.79835771155774,
    0.0,
    0.0,
    0.0,
    0.0,
    0.0,
    0.0,
    0.0,
    0.0,
    0.0,
    0.0,
    0.0,
    0.0,
    0.0,
    0.0,
    0.0,
    0.0,
    0.0,
    0.0,
    0.0,
    0.0,
    0.0
  ]
}
,
{
  "modelName": "Heat Transfer (Diffusion)",
  "step": 200,
  "time": 0.20000000000000015,
  "nx": 20,
  "ny": 20,
  "min": 0.0,
  "max": 498.8921695512938,
  "mean": 247.3238485621566,
  "field": [
    0.0,
    0.0,
    0.0,
    0.0,
    0.0,
    0.0,
    0.0,
    0.0,
    0.0,
    0.0,
    0.0,
    0.0,
    0.0,
    0.0,
    0.0,
    0.0,
    0.0,
    0.0,
    0.0,
    0.0,
    0.0,
    295.7354754274701,
    297.85256798493293,
    297.86012594013295,
    297.86014384787165,
    297.8601438795404,
    297.8601438795851,
    297.8601438795851,
    297.8601438795851,
    297.8601438795851,
    297.8601438795851,
    297.8601438795851,
    297.8601438795851,
    297.8601438795851,
    297.8601438795404,
    297.86014384787165,
    297.86012594013295,
    297.85256798493293,
    295.7354754274701,
    0.0,
    0.0,
    297.85256798493293,
    299.98474063776297,
    299.99235215783665,
    299.9923701918501,
    299.9923702237412,
    299.9923702237859,
    299.99237022378594,
    299.99237022378594,
    299.99237022378594,
    299.99237022378594,
    299.99237022378594,
    299.99237022378594,
    299.9923702237859,
    299.9923702237412,
    299.9923701918501,
    299.99235215783665,
    299.98474063776297,
    297.85256798493293,
    0.0,
    0.0,
    297.86012594013295,
    299.99235215783665,
    299.9999638672111,
    299.99998190166843,
    299.99998193356026,
    299.9999819336049,
    299.99998193360494,
    299.99998193360494,
    299.99998193361057,
    299.9999819336148,
    299.99998193361057,
    299.99998193360494,
    299.9999819336049,
    299.99998193356026,
    299.99998190166843,
    299.9999638672111,
    299.99235215783665,
    297.86012594013295,
    0.0,
    0.0,
    297.86014384787165,
    299.9923701918501,
    299.99998190166843,
    299.99999993612613,
    299.99999996801824,
    299.9999999680633,
    299.9999999680637,
    299.9999999680956,
    299.99999997188553,
    299.99999997487765,
    299.99999997188553,
    299.9999999680956,
    299.9999999680636,
    299.99999996801824,
    299.99999993612613,
    299.99998190166843,
    299.9923701918501,
    297.86014384787165,
    0.0,
    0.0,
    297.8601438795404,
    299.9923702237412,
    299.99998193356026,
    299.99999996801824,
    299.9999999999102,
    299.9999999999556,
    300.000000000035,
    300.0000000189308,
    300.00000215232836,
    300.0000038357734,
    300.00000215232836,
    300.0000000189308,
    300.00000000003496,
    299.99999999991064,
    299.99999996801824,
    299.99998193356026,
    299.9923702237412,
    297.8601438795404,
    0.0,
    0.0,
    297.8601438795851,
    299.9923702237859,
    299.9999819336049,
    299.9999999680633,
    299.9999999999556,
    300.0000000001068,
    300.0000000378839,
    300.0000085482512,
    300.00090525359,
    300.00161226805614,
    300.00090525359,
    300.0000085482512,
    300.0000000378839,
    300.0000000000618,
    299.9999999680637,
    299.9999819336049,
    299.9923702237859,
    297.8601438795851,
    0.0,
    0.0,
    297.8601438795851,
    299.99237022378594,
    299.99998193360494,
    299.9999999680637,
    300.000000000035,
    300.0000000378839,
    300.0000128053742,
    300.0026966084345,
    300.2530917371413,
    300.45020565102743,
    300.2530917371413,
    300.0026966084345,
    300.0000128053741,
    300.0000000378392,
    299.99999996814375,
    299.999981933605,
    299.99237022378594,
    297.8601438795851,
    0.0,
    0.0,
    297.8601438795851,
    299.99237022378594,
    299.99998193360494,
    299.9999999680956,
    300.0000000189308,
    300.0000085482512,
    300.0026966084345,
    300.50296324285273,
    335.50460249295264,
    362.92990106640855,
    335.50460249295264,
    300.50296324285273,
    300.0026966084345,
    300.00000854820627,
    299.9999999870392,
    299.9999819336372,
    299.99237022378605,
    297.8601438795851,
    0.0,
    0.0,
    297.8601438795851,
    299.99237022378594,
    299.99998193361057,
    299.99999997188553,
    300.00000215232836,
    300.00090525359,
    300.2530917371413,
    335.50460249295264,
    425.2786893355101,
    460.6155879420211,
    425.2786893355101,
    335.50460249295264,
    300.2530917371412,
    300.00090525354545,
    300.00000212043625,
    299.99998193742726,
    299.9923702237913,
    297.86014387958517,
    0.0,
    0.0,
    297.8601438795851,
    299.99237022378594,
    299.9999819336148,
    299.99999997487765,
    300.0000038357734,
    300.00161226805614,
    300.45020565102743,
    362.92990106640855,
    460.6155879420211,
    498.8921695512938,
    460.6155879420211,
    362.92990106640855,
    300.4502056510274,
    300.00161226801094,
    300.00000380388116,
    299.9999819404191,
    299.9923702237955,
    297.86014387958517,
    0.0,
    0.0,
    297.8601438795851,
    299.99237022378594,
    299.99998193361057,
    299.99999997188553,
    300.00000215232836,
    300.00090525359,
    300.2530917371413,
    335.50460249295264,
    425.2786893355101,
    460.6155879420211,
    425.2786893355101,
    335.50460249295264,
    300.2530917371412,
    300.00090525354545,
    300.00000212043625,
    299.99998193742726,
    299.9923702237913,
    297.86014387958517,
    0.0,
    0.0,
    297.8601438795851,
    299.99237022378594,
    299.99998193360494,
    299.9999999680956,
    300.0000000189308,
    300.0000085482512,
    300.0026966084345,
    300.50296324285273,
    335.50460249295264,
    362.92990106640855,
    335.50460249295264,
    300.50296324285273,
    300.0026966084345,
    300.00000854820627,
    299.9999999870392,
    299.9999819336372,
    299.99237022378605,
    297.8601438795851,
    0.0,
    0.0,
    297.8601438795851,
    299.9923702237859,
    299.9999819336049,
    299.9999999680636,
    300.00000000003496,
    300.0000000378839,
    300.0000128053741,
    300.0026966084345,
    300.2530917371412,
    300.4502056510274,
    300.2530917371412,
    300.0026966084345,
    300.0000128053741,
    300.00000003783913,
    299.99999996814375,
    299.999981933605,
    299.9923702237859,
    297.8601438795851,
    0.0,
    0.0,
    297.8601438795404,
    299.9923702237412,
    299.99998193356026,
    299.99999996801824,
    299.99999999991064,
    300.0000000000618,
    300.0000000378392,
    300.00000854820627,
    300.00090525354545,
    300.00161226801094,
    300.00090525354545,
    300.00000854820627,
    300.00000003783913,
    300.0000000000168,
    299.99999996801847,
    299.99998193356026,
    299.9923702237412,
    297.8601438795404,
    0.0,
    0.0,
    297.86014384787165,
    299.9923701918501,
    299.99998190166843,
    299.99999993612613,
    299.99999996801824,
    299.9999999680637,
    299.99999996814375,
    299.9999999870392,
    300.00000212043625,
    300.00000380388116,
    300.00000212043625,
    299.9999999870392,
    299.99999996814375,
    299.99999996801847,
    299.99999993612613,
    299.99998190166843,
    299.9923701918501,
    297.86014384787165,
    0.0,
    0.0,
    297.86012594013295,
    299.99235215783665,
    299.9999638672111,
    299.99998190166843,
    299.99998193356026,
    299.9999819336049,
    299.999981933605,
    299.9999819336372,
    299.99998193742726,
    299.9999819404191,
    299.99998193742726,
    299.9999819336372,
    299.999981933605,
    299.99998193356026,
    299.99998190166843,
    299.9999638672111,
    299.99235215783665,
    297.86012594013295,
    0.0,
    0.0,
    297.85256798493293,
    299.98474063776297,
    299.99235215783665,
    299.9923701918501,
    299.9923702237412,
    299.9923702237859,
    299.99237022378594,
    299.99237022378605,
    299.9923702237913,
    299.9923702237955,
    299.9923702237913,
    299.99237022378605,
    299.9923702237859,
    299.9923702237412,
    299.9923701918501,
    299.99235215783665,
    299.98474063776297,
    297.85256798493293,
    0.0,
    0.0,
    295.7354754274701,
    297.85256798493293,
    297.86012594013295,
    297.86014384787165,
    297.8601438795404,
    297.8601438795851,
    297.8601438795851,
    297.8601438795851,
    297.86014387958517,
    297.86014387958517,
    297.86014387958517,
    297.8601438795851,
    297.8601438795851,
    297.8601438795404,
    297.86014384787165,
    297.86012594013295,
    297.85256798493293,
    295.7354754274701,
    0.0,
    0.0,
    0.0,
    0.0,
    0.0,
    0.0,
    0.0,
    0.0,
    0.0,
    0.0,
    0.0,
    0.0,
    0.0,
    0.0,
    0.0,
    0.0,
    0.0,
    0.0,
    0.0,
    0.0,
    0.0
  ]
}
,
{
  "modelName": "Heat Transfer (Diffusion)",
  "step": 250,
  "time": 0.25000000000000017,
  "nx": 20,
  "ny": 20,
  "min": 0.0,
  "max": 498.61595979271294,
  "mean": 247.22724501678812,
  "field": [
    0.0,
    0.0,
    0.0,
    0.0,
    0.0,
    0.0,
    0.0,
    0.0,
    0.0,
    0.0,
    0.0,
    0.0,
    0.0,
    0.0,
    0.0,
    0.0,
    0.0,
    0.0,
    0.0,
    0.0,
    0.0,
    294.6783061739705,
    297.3154709298296,
    297.3272593686739,
    297.32729438393346,
    297.3272944616453,
    297.3272944617828,
    297.32729446178286,
    297.32729446178286,
    297.32729446178286,
    297.32729446178286,
    297.32729446178286,
    297.32729446178286,
    297.3272944617828,
    297.3272944616453,
    297.32729438393346,
    297.3272593686739,
    297.3154709298296,
    294.6783061739705,
    0.0,
    0.0,
    297.3154709298296,
    299.9761425342278,
    299.98803563029776,
    299.9880709551693,
    299.98807103356563,
    299.9880710337041,
    299.98807103370444,
    299.98807103370444,
    299.98807103370444,
    299.98807103370444,
    299.98807103370444,
    299.98807103370444,
    299.9880710337041,
    299.98807103356563,
    299.9880709551693,
    299.98803563029776,
    299.9761425342278,
    297.3154709298296,
    0.0,
    0.0,
    297.3272593686739,
    299.98803563029776,
    299.9999291904421,
    299.99996451668073,
    299.99996459508037,
    299.99996459521884,
    299.9999645952189,
    299.999964595219,
    299.9999645952358,
    299.9999645952488,
